925250
51883
327136
513527
148665
844043
473835
40886
39742
655649
695171
25362
550277
607190
547309
95263
432426
436790
767426
607172
703736
770961
679618
473067
439929
600032
539030
222612
502123
444567
526635
466429
518052
853772
76308
688319
794167
550143
729206
855511
280542
520729
880873
852421
202669
524534
44037
656698
36074
833065
338620
761413
678776
114591
309230
193456
714623
869862
437670
291496
410781
39055
757925
3584
892827
855836
713505
783346
480729
539063
713607
782874
156145
690832
710045
358814
290117
775684
111864
347793
683500
472087
205558
437026
586678
514788
652084
397653
459401
164504
689149
870182
203560
543426
895368
192739
474012
705226
50836
51094
319039
786045
855570
475184
551628
661967
855601
863347
512402
63817
307492
270652
557506
513051
729280
240536
124191
456115
638189
605194
620619
423690
571729
845781
41867
541847
113271
537481
343425
185709
610177
684067
68106
540497
255603
641336
277215
207556
579433
811219
271374
908528
156621
850482
496329
907503
165769
620520
438368
803958
300465
155340
302399
893796
97473
365868
531995
232346
924951
875421
418055
609879
634238
507764
246728
889841
223850
523943
193750
803284
431514
465124
808164
609737
390356
379243
591991
577727
96115
105109
456436
418182
282051
780437
386728
379525
242657
918724
611871
242358
868895
126279
852237
599485
634043
195318
585678
857893
719261
779428
757529
225526
340904
640443
835263
752863
116038
523606
405340
212154
650318
883378
651938
7119
760167
113417
408246
77574
128493
116470
319933
93740
242749
268522
693225
898394
463840
375255
852639
279454
251036
684919
526582
613542
421714
458197
462757
559355
56554
868098
793111
706872
847828
519799
735593
682746
654818
218590
781922
783311
335060
176605
877051
599411
466730
666628
572555
5320
138236
499944
306376
389272
281215
832958
99166
724532
387508
561924
358637
444062
526374
248100
247286
448952
767899
57629
228050
497468
297821
84723
377131
632881
282930
328933
328644
749660
91913
901199
754981
230149
497496
157709
641023
800313
65418
740190
599595
452926
398466
54584
918590
924840
302684
240626
448542
166936
319857
698195
686006
617679
782918
137887
346912
140598
488422
697159
890259
580336
694710
741592
832087
266956
899301
569463
163622
61071
406005
784819
535599
804471
839404
528939
804061
238440
791167
348955
426978
207377
121900
187734
846658
1170
347224
289922
141769
835646
61831
128380
512334
756542
869972
419172
119850
865625
63385
283472
23049
469390
143042
558648
370213
78798
183940
249024
338840
71459
619581
765819
278836
741482
49905
200244
764254
397129
511769
906023
307526
573600
130755
819860
404892
97079
335384
524743
37455
420371
829817
60504
911363
69211
640754
356326
148009
824694
626952
508452
917756
321284
349021
271342
159118
420528
493189
923372
817658
79708
498
221536
653308
131253
137748
154553
228333
473133
700898
287390
893504
627067
369496
879618
696279
85000
332296
844288
6047
33999
427490
923803
355283
798113
291497
536003
293392
784686
534125
207402
885996
556225
428938
635657
687479
566686
790210
12164
136171
587460
299554
126028
289277
669050
101998
60306
775652
434294
947
781699
468293
450039
780252
845178
322903
146500
455931
637897
27538
86409
866901
913535
642634
370589
623942
426465
33627
510504
438629
169799
172714
759785
317429
483593
503585
419427
543900
353988
853721
566449
232039
418367
91238
87042
338295
435743
255144
815829
148390
282682
923840
90041
292569
662826
482232
916511
164042
515860
523367
624273
707261
696081
458809
99440
254425
58746
518867
819927
412734
468940
461126
644774
887307
552364
753418
321955
62858
83312
234136
232850
387596
232726
344494
680166
895552
848328
693029
155946
460540
291147
780220
242551
83580
335381
363593
359607
394127
904062
275886
828464
469355
737012
569590
431412
385729
419360
774969
470189
524274
83855
724641
911870
338183
165487
688388
330088
88566
477770
486034
549106
768917
362606
813260
874099
697987
273205
330059
188467
252018
605945
113283
721373
417708
682873
249137
825039
176983
98857
369978
701257
204314
190971
709479
564100
356459
472618
894188
445025
25138
476574
90483
815657
839181
903743
786108
633520
251699
190917
843589
525319
796863
31622
343044
310923
736097
592181
210712
9432
712640
602292
732291
13307
814865
516521
577407
246074
85491
567947
712701
132231
119271
824787
44240
54804
803280
830348
688325
151331
96016
628266
698252
914481
659889
116046
300154
492338
729830
532468
501771
517220
231112
308812
552129
120727
846935
204286
388404
7176
772233
197457
161009
913107
96994
205249
42661
921877
131950
730986
169560
249568
455605
867813
238799
190244
80211
560555
704184
810041
189375
280705
423614
442089
589518
50493
584418
532805
276382
47572
539982
144967
245030
722593
132824
363626
2593
175486
360253
134543
2824
529814
405713
458429
472377
644512
670275
552588
301419
449210
458982
490794
751517
882596
29235
437387
29441
613653
44943
305823
682828
584925
450791
24210
382268
605217
387836
406463
802305
748090
562608
805130
352654
43071
359911
846633
709185
126539
495573
85354
597351
29305
597750
423618
8253
626985
861006
37695
315389
905949
365120
72967
587226
837513
97177
65846
517481
506615
472310
394536
329455
131270
296018
703711
174342
677532
646696
905129
804071
217020
65234
476172
267927
662984
899790
297783
386322
857148
357080
723313
837847
722200
796280
499823
634464
915059
587272
248297
496424
134332
664435
847482
287204
35204
625943
483148
712736
347390
463028
613159
586012
528262
185683
875541
287598
160223
248074
695522
92122
605154
493585
26321
423707
364615
547747
132921
376026
209769
381218
872451
365703
120403
794683
652907
177209
516978
210806
911547
885970
673834
621058
568334
298448
806741
518626
607648
41715
788302
377921
155439
489809
871506
181760
913516
332474
751109
142789
708500
35628
545609
677303
401331
687614
568338
128989
886426
160067
361397
872723
120787
109981
568532
689122
430031
471625
304100
112429
513340
188754
490350
690381
678563
436607
893744
688431
769081
719603
831220
573933
755232
473181
325987
252915
235546
894325
381904
196722
129142
743301
165797
271532
874884
755931
57006
379665
302307
382708
492095
837249
571462
78797
623983
324776
515404
592477
109559
380837
408432
37132
29521
260016
510313
377110
512932
767461
346185
894836
60535
496930
734490
226333
790064
705726
78616
847070
160142
402525
304528
673839
314525
875990
752636
34860
297118
364393
627337
406678
766832
132121
443810
817955
392138
50475
269815
905070
817937
637603
896258
878472
209283
727100
201157
74097
507577
301376
17519
689321
703901
343649
437910
114778
294389
286898
149638
613110
672893
798577
116140
514476
5449
581552
407181
397587
632027
698599
377407
546316
410952
370017
521141
620235
171868
722298
715934
679445
120026
755055
443516
823928
173454
903028
35058
467843
286278
184697
177305
33922
58024
293445
570000
85075
874997
73533
482662
603377
772132
881671
224443
257834
326439
745584
899671
519909
564235
711957
274104
684261
541762
739222
604541
715216
738602
639600
279412
121232
845899
456717
155154
903923
771765
746756
85351
743114
820290
568013
421241
667172
546037
667287
21359
894078
487621
921030
488737
126606
729340
762841
832470
345852
598415
511761
135819
411767
226111
436833
554601
168362
893550
709756
168638
761667
552864
253989
579532
447904
843604
97125
211429
464391
764412
232788
433219
348386
250170
921956
496594
54260
781149
403814
421715
454314
915576
579136
887683
238039
90719
517035
406402
80621
323143
575040
842289
897609
850631
518173
420264
768985
615298
653295
308127
476063
886083
762948
824449
232605
759655
395793
308468
637156
821210
730183
187823
811536
405671
171858
145927
496390
710495
573931
577011
129990
245323
494050
102350
170704
108575
522614
36042
723874
250659
344169
296289
233094
203469
195488
487301
59476
612883
795769
696633
508843
622304
884456
416731
102725
152666
584261
620717
863162
232942
272479
67902
499868
788131
170252
692174
896707
714468
728216
716933
39877
168737
87972
294573
372207
305062
781875
431683
14297
673996
224668
523141
392653
205476
36224
516980
358143
620485
212448
296055
875030
506529
385559
449648
369410
555812
238174
362469
345030
41141
154152
406510
231480
263726
701083
625289
590390
557708
131723
604688
328057
377993
224181
720710
583470
260405
312440
16363
880891
524888
334020
830671
106167
719579
376671
497180
371743
614845
859649
716774
677588
110154
219636
909069
395482
920719
630710
60623
574780
762433
686913
902837
236779
911094
719899
820249
267851
107089
858214
223492
653580
288586
150515
781349
82915
527186
374881
476261
238384
330883
289387
915972
441037
509023
921393
836519
504492
626854
918744
175624
485639
702009
174813
722418
687853
894712
639019
30455
98154
571983
275549
751734
860569
426065
629435
39837
49603
100669
537700
287987
431552
827087
300312
872589
410860
296455
805460
11704
19661
820557
187329
526903
597316
362142
324071
381522
331605
59443
433579
451361
653028
709128
299447
609950
231545
3632
649787
281149
104301
283839
569136
535853
185676
869448
504794
596536
262256
406607
629842
281917
301914
817171
808820
899230
275666
229244
377104
628873
288687
810683
154984
38067
594562
454431
648017
847709
479665
394156
203608
605569
677995
772745
216172
863671
738545
742569
556559
75551
223926
261152
379071
525840
174675
284243
521422
450341
535089
898527
175566
845378
805562
330550
883446
474874
806583
606213
418936
360999
75120
622544
41318
753115
491641
279092
713139
304937
118013
344448
402090
341939
627202
802763
889381
801878
161757
485554
348571
696846
480433
524138
616975
360745
876290
575171
857222
779226
256134
350908
214975
352856
48202
277895
180722
561446
578589
893861
866383
696603
334661
364825
113292
58216
242339
77424
860094
404096
584580
305017
197294
139763
850757
814269
522110
823400
485792
454082
677376
763529
804990
913953
191135
874795
266598
371857
510991
845187
362070
473726
616540
718334
838551
729833
776550
177242
828859
732996
602940
488189
112763
800235
649554
59873
710856
246414
883273
293001
722099
657001
131280
601839
645704
322415
572986
912302
715875
180329
853841
174297
675657
566734
892631
610561
392919
743931
787803
296528
551677
465494
806319
686043
362081
530623
767518
147687
798639
747143
440688
595488
478894
593570
293680
199348
915986
888268
208002
728213
143348
158195
902510
819005
724929
869892
504316
192598
710175
388472
510728
336603
853966
391797
118998
290797
18772
886516
460086
817412
708409
922377
487650
262053
590697
802932
483003
603035
765951
712607
405998
909299
892404
404861
824656
692084
349503
425325
906284
134428
813797
491763
492633
764115
883560
611631
151264
923935
572897
611350
816097
377658
630079
400099
661313
317129
299384
219066
920164
140085
28025
422515
145736
920430
827376
45142
708866
251629
492069
711502
407659
380616
278015
921895
241083
257928
608276
392347
256613
277526
100050
169062
676786
730129
590763
412850
122008
890147
631916
138525
104982
681544
561040
272320
698326
484768
339065
503544
757999
831134
289796
240408
308103
567812
237053
549186
847342
866932
16284
200307
240810
116334
369369
917596
868065
56484
405196
64824
21382
133465
224951
147966
836611
807593
420287
609687
367111
759352
187981
199860
686838
499379
461870
69691
163543
698924
618878
85635
662208
635162
285942
924620
751496
676913
916966
694311
755000
418515
780737
797984
573582
102040
20700
484943
909633
462589
169380
351494
318293
378963
551354
79882
899944
87975
149573
138238
808501
768451
223873
567061
499965
531418
566431
347813
304683
579749
138477
156035
73014
919214
28769
646596
117607
71072
227891
101990
533661
418873
475087
873557
797836
122793
28189
772531
232370
199364
7121
115621
64168
252596
704284
564133
784014
367067
911947
185050
21567
125174
341085
116183
140740
391457
784382
279949
462529
87023
381940
92542
505897
878629
40849
400085
76172
90640
268968
308543
290005
276089
445766
375775
528686
246403
36260
409052
613470
22957
615704
635037
169733
31540
751221
332076
422997
631955
633627
907128
718978
111919
74420
321227
65298
115270
721313
141471
205910
86633
471616
517517
362723
917382
893292
913011
238535
4303
396813
873608
48862
87268
583395
240198
140410
430968
593876
585009
137673
302253
566887
878254
414173
641307
274231
501073
778179
91896
642544
80442
178530
210512
597959
562855
224247
587604
550616
484384
613509
43781
432742
683973
152651
90888
924171
314663
543458
614399
899672
702734
13005
562911
677340
448780
300571
47923
24603
153500
139820
688750
233942
339952
899262
853504
902807
198259
515858
549775
682644
204117
615158
190136
888090
767810
302626
908614
157223
867687
619365
153248
645171
632370
716159
418863
155900
113082
466786
180504
266583
628208
890856
522127
42910
864868
450381
42069
137878
62591
613446
842124
266708
303355
107010
251151
145915
431239
256117
324740
373676
875482
477988
115199
604205
290500
534062
781707
403582
75598
36961
691767
703807
24169
310247
768319
889038
760628
810389
123268
823220
498585
40142
186280
823542
168754
459033
44207
599993
715150
390550
70021
686985
868538
185220
365940
255390
740884
222397
680575
816483
280961
468694
616642
305130
778941
481313
290520
614320
388054
413788
533892
908242
453930
720172
806534
622685
275558
872344
319030
65458
337644
389052
774045
302534
574272
236337
557925
389907
458735
334852
302742
761298
803546
15736
162780
678840
497049
453301
389512
906706
867089
923404
889698
417372
739928
770982
114807
111838
718076
433837
177297
130470
822889
47694
433005
493514
284032
87282
905023
764369
443736
282515
600417
343634
319853
784799
97224
838504
312850
486736
819960
276292
506492
784408
693664
342773
630141
808471
454611
444569
338660
653510
575040
257902
701205
104397
751416
81589
213281
731189
845958
657017
110056
521125
75401
451511
380674
194228
364765
715127
702566
259476
66169
305411
118634
759833
669786
770377
664656
220749
289697
78066
874260
886339
357570
671817
65486
183736
775008
278767
11277
695716
32136
142935
313193
107537
594446
715469
323367
33962
505346
100684
315040
593117
406095
433674
427700
150631
278802
188708
371380
590101
266775
341992
551190
645947
110161
616676
829684
885169
917045
862563
655635
23931
101851
65180
153070
696297
780650
476438
751861
360746
598724
141651
28614
79569
596928
477916
251802
897332
666625
623182
562183
29752
61527
188123
675699
193290
826401
601735
153210
818196
539049
830447
863729
662502
895628
91549
433549
751028
589589
281763
208126
263063
445016
236740
364234
116694
736259
616036
88776
477634
335571
650959
528988
418700
860684
301039
611990
761835
902775
765200
654781
538176
692000
614862
275428
662378
728014
730579
509758
392353
108694
717884
677019
553711
50977
137605
692007
787236
753642
780784
361222
185565
528095
890210
604265
485132
265999
312607
321717
265126
152558
72851
803302
866160
687713
175082
603288
490477
2014
187796
904433
110708
905680
677804
664419
31407
815409
431177
840245
643801
308313
276217
850968
858010
262779
551585
417892
550381
864193
761212
815507
113103
834063
715162
54013
618128
911846
657301
183356
913860
866699
184141
99319
868731
861945
785340
900139
752104
312869
836736
492258
621182
187704
417976
575545
450483
65914
68187
75614
4857
851001
912724
117960
759814
724238
171973
452693
710834
850876
657651
699445
792325
863394
820366
735806
800089
680456
732297
648545
68076
643784
215553
710860
853090
655132
361155
378323
742648
450945
475540
747505
376696
484616
887067
232863
283604
133790
707158
90790
81018
461161
790235
873343
399305
685351
705501
274144
462160
534151
19041
551838
252685
256197
337448
180525
7681
720206
580450
750329
245901
152342
572584
644199
658560
534401
898664
16914
689793
680572
107705
770811
216483
919542
740506
637390
701246
542359
7886
259758
151260
26928
811596
425547
283125
223794
627674
290806
18750
282875
115885
286253
456819
710071
26805
190130
340824
219
228646
105367
702394
357953
897780
15229
352246
713036
652620
149844
330145
682108
409602
503008
709036
295948
3305
88513
541344
630980
400921
581697
10207
538408
867950
488628
323229
916357
678758
664053
12929
3757
791022
736925
361710
763552
752154
735558
572940
501126
885402
903086
257985
391356
502446
63373
687304
505751
151887
325001
233083
574410
906698
264892
187569
871000
753521
532400
862108
528631
292806
875037
532388
158578
686712
915701
18483
535218
726009
591423
111095
707764
590861
390682
195472
168057
475657
904379
695411
627544
304130
3244
298307
285578
268137
485876
231328
118010
114628
168186
646641
407434
139575
275382
587615
847889
265833
606098
457858
88194
293873
590555
817560
884735
77589
87783
149144
553246
66912
844555
277143
371042
847800
575450
656620
212289
157678
909550
330299
272306
152487
73292
679741
313664
348674
363708
236304
636109
66158
715764
724304
360031
381069
638216
341118
480260
725999
490263
108256
814513
409568
385399
260305
353720
57201
13277
587611
214879
922828
14262
487186
171667
87555
263279
506933
436229
648589
743237
147089
714747
555353
892995
171130
32774
605961
512249
513034
406711
98864
642893
317576
530034
103042
577882
905357
181846
612761
567718
396725
631941
581981
905513
825210
669536
265144
406894
202117
10085
246483
370808
724832
801837
338553
917565
856213
40867
504564
443998
469180
625030
161641
786756
229814
286285
439388
231523
468131
148502
799242
886459
802045
477575
888324
702006
243463
249821
205252
445580
259906
451735
837991
59489
349924
251294
73406
280888
292161
577970
746488
761341
299352
908129
622848
550768
290766
158588
782292
780500
328692
656284
741709
205488
230211
726385
3846
473674
50956
209098
15606
310863
682435
853597
391954
128712
201244
465360
431202
515007
139682
252440
372701
460636
256921
70299
86154
569289
250489
868446
424539
600784
621082
262600
806272
851293
63736
810118
421319
114692
115568
436926
447157
798003
386875
860713
1465
588119
422425
454269
177877
583709
706709
572180
119095
59982
664081
205250
629272
914570
148446
150163
611706
769529
412764
492728
717174
476500
399198
213244
612794
536368
671772
156304
409122
133397
91767
432189
743119
514193
886459
17348
194254
689520
589528
313350
771105
328359
518600
496729
339281
688648
646892
25738
532927
134406
540068
346454
632508
35619
559698
320053
571987
306220
476357
77461
461219
589726
531253
300690
200271
514064
318038
394526
299936
907566
707876
145791
332277
322828
664122
671559
86226
385765
718899
619154
541773
333717
40358
249032
390938
621658
590687
37676
24230
141794
136739
507051
753122
667992
807742
28144
256806
200530
444272
556743
204449
226898
724136
558328
549726
463009
304637
635952
870376
119888
351458
486899
475208
413418
735931
866146
131428
422970
174
155658
564764
136914
684312
414239
804906
566804
463985
158065
767334
908257
736410
68135
231507
535296
626464
781233
73055
27453
513537
39783
147342
886598
526683
622550
396368
358966
563446
549399
781937
563621
726659
443053
722137
485721
857292
601793
127275
396027
781460
916212
400636
592620
59097
632143
202667
685561
509728
297324
734617
98016
337108
881959
80966
885393
579259
498936
319109
239057
123085
175796
824280
849745
640452
621167
410216
594096
319313
537492
64874
175523
550056
465510
768144
609153
194006
67163
391067
703734
386089
200434
823352
744799
157143
904318
704942
758004
478005
120404
93413
622692
317802
917694
547187
33004
613611
53756
627101
29276
591248
713577
204800
216054
275439
69296
846809
469445
158061
312626
247930
565752
534662
146032
385302
713407
146703
186596
546161
646310
307000
661177
343752
624803
653621
890940
657807
363584
41048
381260
392861
653898
169587
619263
891554
445027
710161
813113
10824
889824
222092
258754
530326
756754
426389
915628
566514
573092
176975
209027
294152
505577
870204
637904
205130
598575
625196
884540
36910
666244
340550
451373
394892
531740
166988
361196
73119
877149
270662
83943
863325
492754
342698
468401
345860
769087
480382
912374
416929
678959
196152
732683
259286
141106
445337
464417
761284
166886
445309
819796
833130
785859
345919
324375
413951
512907
707173
487070
486408
52585
571014
424483
545339
10064
914486
912802
800753
469618
899926
292432
223327
192430
121467
504216
333537
566804
43383
169571
755292
510294
64117
684775
392505
431638
83900
806457
40897
791073
368277
548907
843659
35643
69742
485350
45707
58978
472902
846460
528597
469181
235244
773526
661611
356711
352492
69898
19868
417477
261071
775160
2521
346790
556287
416629
800030
640187
297836
862529
527613
666113
486186
467624
723359
555928
27724
769066
636509
522229
690277
261458
66160
271
109734
749373
378585
483829
840874
398453
922908
176695
269965
21782
545088
826253
438411
419868
562792
736247
378750
165155
498712
864936
654381
296821
517217
703708
140638
228476
300687
852517
489934
388449
874390
621270
212572
349327
201451
128196
769382
199110
326494
114098
220892
871582
36703
659303
387802
621097
491902
788154
807855
65364
727841
536986
383788
341410
315444
546028
591488
637733
473295
156172
122534
444037
799044
335107
793365
75246
484905
637497
274356
811399
773197
516850
779333
831502
250903
263488
527350
742805
126392
409955
829771
875835
21691
309911
291995
358738
855939
883483
92823
425586
136007
215358
891226
9802
550465
759341
106650
110120
493190
402608
17872
341138
919458
818807
247390
245111
157045
774740
84268
305040
281047
10391
255625
324341
320303
569223
683079
272594
549058
775902
719783
685066
66010
685759
716470
638077
519850
844722
769800
87790
322080
809274
450530
316288
702831
697921
561399
881479
569013
667269
261269
850061
699262
538496
270754
115917
182469
28583
388512
731528
826087
183045
512946
913700
868804
304166
648129
485006
223638
492679
572796
545718
398305
119679
883608
175887
817600
519757
153718
482965
283378
414987
429378
57390
49835
700132
173308
232305
750317
583422
60185
672757
788069
573131
661207
731623
898899
384086
291379
218889
898368
885777
764607
371423
80206
722965
568912
919408
339074
722630
498726
644054
233969
24456
723046
283805
724589
917956
537712
571258
576128
597897
318765
438947
267380
54722
266922
241029
460411
579903
459918
455131
562033
320877
848156
663841
140194
491819
679602
500870
310801
253078
241276
566373
277534
39072
871780
98475
31779
505844
669734
629509
178491
63249
164809
467473
139574
431731
708502
599985
107987
264772
129866
670020
607251
74374
408611
747445
566193
184565
344667
898597
437643
585943
561322
736780
646617
529454
856857
678396
110048
601341
404258
288539
686193
569067
756012
825767
97150
560866
522104
205137
847240
673572
896759
529241
747946
401723
373038
410492
586288
717705
383839
98682
400000
41513
857064
121367
570967
788671
821366
681015
486365
300374
65906
247308
869441
843520
147825
41341
500738
669929
268081
422728
418251
239590
26719
240947
641313
421359
673041
302352
235416
153232
422636
635416
194745
354450
778385
787314
239473
674501
543079
725838
71227
630587
47896
15418
548857
217323
78362
124345
908854
346443
568675
423457
607635
616996
664405
323699
113105
433798
647653
370123
587031
145039
80289
781776
521091
880277
643841
760564
651130
283272
582755
722358
913860
630651
737776
559069
869577
837740
683415
853181
258933
348442
351389
866569
40189
112146
286620
174896
545944
9023
545020
207725
175664
646911
85854
696755
601938
729695
553671
327819
109319
211176
124927
97929
863430
884305
656999
807757
796796
436766
735688
152081
785208
183429
115002
846999
295575
423224
96646
863122
432247
641666
145597
607911
363327
231451
401018
40016
57498
29440
389437
166818
240616
535966
286349
178796
495021
18098
82905
388169
476466
840196
540251
358027
98375
676855
279776
415553
174830
376422
353425
628679
92838
499022
332943
477768
752076
733961
539386
831176
763401
3573
72744
100370
539539
380696
300768
130912
420396
383674
519082
896863
298620
155685
329640
418597
854142
631018
834150
103722
103793
262325
754004
218233
782950
161697
696001
631378
895658
310137
537304
755412
335312
631651
855782
874851
87097
252902
102116
507493
636576
642800
500708
31548
820087
851950
471748
748979
557719
380648
874304
661512
664576
703058
901347
543878
864755
672099
271608
835163
56986
830514
686927
413901
536915
617459
385104
645614
870362
487220
249460
603290
204770
750168
656441
99607
698471
202939
870189
330940
605189
819243
88804
366117
618653
64901
6347
558158
758602
277955
489673
837191
204822
251351
325842
763339
890412
710946
483704
857126
294519
754766
556769
499289
579684
287960
620499
352905
512501
587040
705447
214042
481033
815853
601762
196038
902357
629711
754196
757311
4019
340221
669252
208841
613174
91446
46930
578337
802393
552236
531815
171662
381752
163334
692553
57789
472896
409404
432296
60147
71194
234096
295792
573829
124699
919156
769867
123408
623617
620415
902322
627636
35387
646324
836477
648561
737771
883408
323250
636516
531996
855066
829780
913749
93150
618685
46288
566047
102840
478584
647796
195636
712680
39940
769466
858982
33846
635685
78742
657464
330851
55814
381452
387840
723741
292680
132753
557864
272440
456004
269130
804436
407422
195262
814537
500572
813947
860825
162971
13139
414160
832370
208776
223192
872310
52992
156924
2509
710279
257269
681575
115880
313083
137777
503720
111574
452059
636474
669438
724499
188830
34920
625288
596252
230182
514575
193176
140482
450151
356148
153621
885913
284870
362397
205457
253532
436991
383984
256041
222021
641253
12366
359503
50688
171746
884826
162263
623805
617652
853303
444657
806482
909826
144695
499086
214758
659270
692262
376842
205773
144762
530464
188038
429632
914463
415098
683165
447807
799082
35558
669828
536687
69527
125683
587375
241273
85259
771240
865078
702911
720896
384485
605745
705472
550782
179581
16582
306405
893446
393425
512178
112958
923889
721819
564193
9454
211667
343710
457261
107101
400870
223441
643788
470397
349125
305913
711670
455986
173506
673101
233648
894402
153938
860995
674624
726323
136929
691206
107478
105125
159381
641258
239685
179622
459429
825480
189077
671096
243940
667940
778197
666413
891382
518337
211560
315257
824251
19583
771243
72507
714286
101243
41659
889826
36989
737885
690899
173918
503841
798377
300645
663223
535988
540330
864447
70167
462163
128274
762866
727705
796215
637415
468868
783949
230503
680429
173956
151106
721614
41551
245215
510650
164397
308476
475226
222988
121111
240876
418508
624952
135605
719153
384527
671593
355835
323725
741761
817998
473601
579377
642056
366168
291542
185674
224867
543647
866103
398823
694753
662467
461977
14718
269469
647976
323194
744696
870964
444305
81924
364222
165610
217529
179727
550137
910725
557164
895464
727236
471515
443816
402965
188321
809984
716109
373995
109602
334507
336451
530027
104010
95270
88356
140331
364740
736332
463525
205788
682046
4183
287712
142620
169793
505241
343949
741532
490716
922716
711747
314304
468981
230313
738871
678904
136649
529731
149251
246251
885840
485702
797881
86202
602575
886237
226533
42065
697320
711661
269455
475718
737446
557167
639941
907239
158760
80242
745123
671079
77708
531620
60133
568291
783535
820607
343547
16537
446690
492799
262788
407280
74853
157021
515084
677428
118009
763220
741095
836931
571233
85300
409001
383429
664069
123692
387020
822830
225537
206893
568659
324847
760116
650394
893139
640003
567353
333038
656540
88793
825837
15681
517675
900691
172702
129112
674471
312313
892332
490317
223994
538315
597219
632996
921744
336039
778290
383514
255221
78577
612009
823880
403425
446875
570626
392916
183231
212730
725954
839771
323125
626542
877054
862403
623585
124507
66265
372806
458422
33347
884725
682417
593264
556695
390163
589758
914336
243203
69624
244307
321781
681633
164539
746808
224861
756767
214474
408092
65849
15178
344215
388975
663322
317622
347730
361657
463731
413995
756066
922153
447342
715541
679320
136958
368588
165835
726716
357674
409039
817942
623583
752422
595927
788122
595582
820788
641242
810056
325232
707091
846836
691050
192418
584909
83422
540148
42918
568755
50495
798984
565658
519439
610878
319729
656397
54216
485564
479465
433493
916205
372157
131826
764979
42835
16301
435311
885225
679145
341719
306810
460986
263306
94212
675007
869817
199236
311507
912735
767991
362003
808072
408399
881442
493700
749730
612590
569518
331647
166805
77761
344204
560565
231190
183934
603400
269093
640847
584977
22988
57317
891787
483974
320623
82351
255333
265190
281587
566841
274277
124328
25196
178701
554330
906638
694003
378810
615580
338272
732059
782386
437635
151014
439303
690427
356550
139055
34270
72147
724032
57258
129464
712172
562835
450087
794523
818168
736879
150861
481361
107509
275189
506557
286210
829519
487946
76566
304682
199878
414838
111491
78616
874075
284107
517919
639253
640657
656974
695125
712805
455757
752384
842269
264281
389969
388709
133554
304489
221940
284415
785851
351051
581207
367158
637262
507078
876706
713828
811760
151335
225018
19604
229951
195445
303711
747871
856300
19119
479595
626176
753526
31704
474912
670545
295985
864881
155606
429540
244120
399149
735557
126323
750200
413116
493482
483814
920195
466540
272392
828307
617875
519012
869513
869429
736060
269577
692050
667110
288696
267997
389638
138574
321304
864550
830721
617289
804181
61078
143181
144654
481829
900341
270977
306779
388207
786061
790594
404754
327352
159338
329414
41579
699953
295279
911008
510763
564856
699410
274225
875154
63760
663864
88478
385064
603164
919200
77103
503698
76630
241887
669954
558459
216978
37283
865238
626787
823345
752184
127894
247049
911523
457308
288628
707828
752587
295989
293341
413796
70149
589168
363700
133909
327782
452179
518973
27299
446129
617679
530997
522759
859566
297303
177570
172896
334586
117558
799683
254283
891345
2327
501332
899220
481237
811563
681798
330177
182302
71491
743973
274053
660659
204025
407963
63192
656204
23288
112093
198685
662569
664692
743046
618487
36745
920616
791383
371331
134527
687419
625615
100622
711348
223299
74592
288938
109612
756390
619115
291914
827881
459440
587570
584892
663465
70283
669686
416022
115173
781779
614707
799345
521221
432504
492582
579568
449472
380318
47252
583999
164089
694469
684621
897039
917768
780815
260727
123733
611955
901444
437249
536188
435634
99569
217433
195452
191454
887119
611474
306628
743649
322533
180723
361222
776639
694907
37143
300862
149975
84395
906463
335666
778864
687437
307456
792984
543002
568183
916717
251310
565980
428717
809100
97966
528286
101283
293418
719741
63153
1244
122721
828404
323778
325046
285978
175167
116305
323121
476029
287883
429118
457243
623549
304334
241032
5755
172069
784034
595541
185138
110094
236271
635457
15547
355839
238494
116830
649258
54587
201585
672104
198910
104739
70632
545558
412320
245800
661863
735441
743431
24496
260912
297026
648046
565246
538058
675403
758917
418445
345694
18806
550141
603567
654263
565688
55759
914359
682519
726619
65298
905706
473473
264208
106798
544106
809766
519118
811508
567982
350911
651291
592478
611823
23068
336876
251820
582728
87030
85487
75923
454326
125895
626065
154246
780159
266503
210005
790870
45374
11374
856169
47433
484847
195127
154231
125305
101246
673349
11563
669228
99010
684457
358058
732436
707525
694935
80608
365003
781965
187697
462529
311041
313593
163344
465287
190104
451449
696894
55724
518426
708268
8245
565859
289468
224975
741692
414773
326221
489791
447939
91801
610403
207146
449859
439191
11023
219544
519799
397628
97861
707497
881759
408903
95840
119853
895792
307546
592905
689039
384872
207683
472057
393118
795144
783127
618093
611586
294253
40666
197729
742192
132467
808132
45690
603928
322074
78315
823473
863475
497545
921334
645722
454055
426589
763164
595510
418734
145460
263165
182523
551935
492450
676182
19803
362344
534060
637896
70282
828313
678562
268011
666857
832631
150894
734149
511309
494570
834066
431134
432795
406361
448821
174870
860416
897012
34386
530677
390496
201449
815444
594621
753384
382645
367156
773187
766591
901216
507435
836874
825881
282349
201237
589090
189730
352131
419591
722641
868303
328407
228526
397451
734768
677347
593923
691537
670711
628309
296964
157560
829758
208760
752181
679494
613007
194087
549033
454349
191655
131218
387575
113888
413567
588812
702978
624899
37296
197319
422291
1951
547328
672419
421004
356847
446118
89677
123134
191579
739589
441700
349139
665699
650460
197673
419944
338218
413362
43727
814169
626620
174946
298096
740508
610115
908510
539839
331367
20556
758760
753658
44110
380839
522429
465114
759288
43297
554792
904024
256478
369131
420474
605618
109580
167286
824893
551126
527106
313005
594854
437627
35977
791402
757325
776486
497869
740586
412677
829236
782744
246187
657644
826854
627026
254823
366719
482666
319722
17863
461440
576201
408596
903516
278171
539778
167155
177814
165655
694261
512421
782111
228241
548399
648263
60316
421237
220882
822504
833914
146471
679999
154851
804115
603205
803480
155291
66276
360896
496615
84139
822337
147566
514337
800603
447339
128866
42508
646755
316123
758372
233927
194586
82965
803928
864451
164883
299915
160083
62138
208579
328156
763739
385032
207022
441694
263262
383915
507971
624159
902132
613712
521246
146051
202800
418201
593390
353268
482312
314896
690993
337036
570425
885579
441603
449103
824780
606486
749018
81215
690226
53949
409372
528715
438981
637996
45160
702244
118263
553131
422755
95145
241593
40353
241196
465995
458554
856189
819263
37218
245835
606608
395856
816260
566937
837459
361715
466467
518696
185483
547683
283672
261034
53407
812388
700015
691403
879150
477009
809666
528633
899764
904811
791828
36469
242360
332574
495024
173299
248189
553844
419134
854798
24451
331746
496485
861910
693461
59305
476958
900546
628590
760631
236330
681997
669371
32697
448150
644873
531309
354168
248256
527425
355331
114834
563895
597691
469010
133669
770990
717200
709115
286476
668350
733566
639824
239585
670227
429637
320492
243537
404933
23832
78918
662865
705829
769891
695563
250331
489514
301622
604499
737770
850649
34581
874207
489294
632272
417967
644565
499615
209917
428431
807693
878267
236747
522268
214205
3326
26655
534697
246864
453191
580132
347384
190806
360711
213628
907971
632645
703142
305945
311894
537265
231345
368077
486222
720639
96702
904189
439955
596317
210459
868386
478760
185078
201485
97380
420885
226414
124036
51935
494880
577227
632067
842264
789635
89130
130642
793959
721775
855387
174654
130022
467402
427601
498099
49976
222991
594801
50517
684548
287470
260976
649286
787833
467657
850771
885213
888542
173537
105601
36829
668417
704430
668896
585432
568816
758027
737676
459127
576154
667813
633781
706176
231567
157735
300628
281543
402328
917031
332061
161626
300854
614639
810912
163437
157046
758035
145002
141941
27925
250604
178770
696342
29784
847667
356524
620202
702046
190553
154079
352950
858366
809463
155479
186286
41948
456107
467829
444276
447888
799890
627504
748742
489280
534768
8531
667928
389155
153534
809869
417080
425740
84992
188173
477126
7409
566299
193681
731057
756852
347760
180359
711571
253575
335838
897857
295523
791945
462038
761401
336186
358281
463655
181280
869163
73173
189812
611841
462329
364948
518063
879409
812290
603055
142332
364166
632066
730234
557847
437873
561836
1960
639834
369759
255535
50423
363968
572661
863970
826007
408812
296508
259038
872468
477789
202951
41993
689203
836394
525924
128901
450809
480084
37543
128614
644018
401709
782282
449002
55909
316507
107191
57869
31092
498552
335006
81515
862521
907667
41837
784880
412832
338346
118668
381652
816135
343221
423645
601690
275967
24320
730591
726777
526006
789736
876993
266376
266195
734026
715379
343706
146885
844172
423177
177977
417474
779786
281094
376347
762203
322932
235977
271387
682880
376247
653039
573765
741070
173037
250205
91788
218959
77148
840167
744965
866884
813512
86091
229431
643890
823072
594740
790776
763596
92667
65105
255821
894055
346200
632168
731009
690734
889748
98748
448364
340745
751788
118481
156566
21177
390288
269956
240136
489038
206475
81453
452274
94737
189146
703307
738628
86969
372797
604154
872167
487067
690861
202738
455872
111811
856509
283233
824147
821007
381982
368863
258104
230122
487344
414670
272901
899234
706228
513037
463022
912703
616092
915296
82191
805238
693354
842421
913809
140901
542927
860727
649570
308538
159817
180193
441952
112678
485028
340849
8435
867010
731315
288142
193484
293409
724414
466385
288996
505393
75774
752018
514448
691866
742065
618241
593457
531771
535412
603618
694274
174691
539095
418595
483230
720515
620390
925182
833193
180168
362383
863231
143531
168448
226123
358617
483460
46889
825003
772456
552282
900777
599224
141481
688996
437641
781324
357203
65764
391487
57173
760039
566178
617871
274986
145760
413136
895376
145692
342681
171896
529678
302264
337029
698126
549989
695647
256336
596879
617002
125144
223911
614131
724369
386994
377877
258362
243069
756682
324127
656158
813856
180518
318688
506477
455504
464449
15965
447232
631743
358646
640730
257773
660911
52510
30650
285650
769759
308588
882529
461511
433733
202793
171994
254454
611389
571474
534418
876060
402906
880147
606968
313114
135415
22009
841193
590919
486458
878760
112901
214553
333759
775234
472327
91022
849346
524579
398274
693855
854769
355554
251718
384854
579949
423712
660910
287690
69936
270079
238501
494445
224976
845469
829161
360392
889080
766707
47663
471890
720217
182167
686444
150328
32151
255123
241350
881497
779702
639625
650102
730823
91531
923422
190428
671480
443486
851338
33920
513423
196167
272421
104220
442746
214243
29733
824740
199675
796440
872403
671566
613010
129320
454362
763338
183073
709485
79439
139320
585539
740666
811024
391112
832197
809196
581540
578427
349035
529231
633949
884060
747000
2723
63030
264496
238568
114365
163986
438243
910806
132742
206161
620168
283664
660523
479858
466738
444758
580899
606058
126649
396315
513435
539364
303262
418983
195654
903291
768018
746487
633593
726828
568238
636316
811460
832734
896486
576
93073
431081
7734
225815
637243
627902
509479
372516
182510
50967
838877
785012
678628
40276
256077
266813
579640
559340
707398
796897
537381
550167
618134
245724
351745
282724
903642
259558
190209
896480
260134
304884
402312
267868
530699
135907
917372
136530
508423
196234
209100
443652
55996
909330
505531
312074
272495
181523
893016
54643
74772
505147
604810
692907
772474
52908
50381
772468
312466
262192
743699
594202
567076
242363
883672
194127
378270
875794
352260
908295
146778
561360
448300
224377
545440
28581
558053
839537
210104
525819
894180
284877
127318
595343
74136
921394
669853
146119
768613
78671
429914
608664
672873
93342
872629
631295
287470
347251
603441
639730
351898
771821
297442
800198
70948
864484
828779
629001
778771
135236
251172
769303
441715
378491
439396
537453
374635
183999
705174
239600
284272
209838
848264
31895
303181
795643
684792
612253
239246
362983
348335
591145
231157
645777
466093
302105
585011
391225
27459
460134
548063
278631
304187
64528
678724
765186
623583
128110
45537
403507
367710
329810
613346
312327
383307
12879
204322
164452
646734
443569
549037
69819
109464
780194
737198
575557
178652
418561
41532
206111
878695
589595
506344
279234
675725
259819
119170
374058
387929
164708
799168
777241
516120
487264
164318
899427
521745
368641
138629
243229
833812
687667
334650
18026
542611
146598
593583
742865
565159
656718
23726
518604
342665
551673
819440
114743
811492
13361
510403
295773
178069
384321
169366
694189
893187
333685
689968
489682
723928
828598
754513
632490
612617
163913
672118
251580
332113
362053
69196
897272
93521
114524
512228
457789
666197
406419
572532
552439
441382
179287
869814
619451
563609
113931
409992
531546
469218
196312
117581
289498
121262
872094
18340
733879
132360
690458
81812
486075
148863
172610
458098
242385
287134
66678
721776
28082
494699
390660
602123
10831
569947
568290
651884
208306
703823
158228
739853
247791
354541
879036
558891
475803
847482
577231
306035
76194
364041
387847
562270
512904
560457
116720
776891
869193
183398
595019
897275
678098
60429
595751
688929
630377
260393
437166
860285
38966
595394
696490
286757
24685
650276
867250
500489
572509
540833
828126
648703
1226
290723
285723
535732
872782
402443
387374
816725
607444
57143
810353
381894
139175
502456
167175
791154
762849
604341
726189
801815
274486
497430
184924
299171
244058
126924
821262
838169
689359
724138
561623
690585
111213
868948
301067
58745
367744
710043
897073
71540
767187
803778
453434
2714
380984
620609
793868
240185
299701
594807
138352
574187
188589
323276
894960
432648
471802
790973
367169
235911
589861
3542
22848
701075
894093
323915
781422
358189
108709
774847
429729
897498
653375
904765
900212
130711
600124
790432
370896
921427
459989
509248
591966
670181
854126
561677
199181
422280
427400
566350
679793
113613
591495
702641
836290
581940
122909
714065
14879
231618
563662
466210
225468
313390
445725
200430
444101
142201
65612
814998
159981
547203
420598
751947
313736
371077
388374
512917
793357
837376
175620
547901
47342
767115
346894
883632
423805
469803
694049
460286
723023
332462
22848
23241
645852
490175
245273
186305
653978
332487
76053
813959
879691
518254
640657
268177
889331
125383
802697
779040
37510
53067
423293
84852
841784
791790
64836
361941
336343
758886
822227
134117
187700
845075
178960
855154
431602
424234
116209
160330
756721
213865
49040
732764
753721
711299
97294
739404
836682
899991
593194
874192
49410
112840
55396
891194
904630
141835
327885
337325
922323
246464
471442
184773
187891
672005
114677
619493
170989
252488
779823
2460
466353
850465
756827
316426
636514
854121
130580
547947
828862
723775
518491
878272
858217
595490
865818
837597
737325
268453
249672
734398
536519
742717
15523
724410
489472
151802
440255
682063
404290
294828
706125
892246
241646
537702
283422
878160
466573
414003
500857
391787
234130
115701
366411
167097
711191
306979
101046
523266
597034
372320
354016
208303
211389
369539
29065
722463
521341
469320
479276
381
785751
281754
914229
102147
819456
272402
55057
382382
708007
577517
774169
38489
693218
215331
205586
479159
522310
328234
98777
215697
700554
452793
424000
911944
822332
474668
709157
418423
18738
284786
440406
826091
566540
429386
2988
460746
723390
79648
843128
506147
657165
713650
566238
425133
3731
793426
644
547643
196410
99421
763340
918566
552214
283693
905260
470898
758361
710770
889321
798701
91908
426079
699543
658448
855465
702531
215546
675207
782179
155027
277706
535696
868677
843944
57181
894010
712120
57825
516403
908530
178848
354494
923449
752664
659789
925061
298312
492900
710581
283985
387953
802489
710065
162246
557289
661882
886380
772836
433442
764911
2613
711148
375358
892892
629843
454141
861652
438315
511967
452805
443198
712417
828901
441397
561434
563440
441208
859746
152692
248142
240084
540646
146983
46501
724494
704273
729985
685624
551859
238177
525286
576074
24076
922246
543716
675521
472739
480118
188586
81058
7673
653386
793476
858177
169533
429660
496367
632344
385758
670662
880486
625842
286058
102219
693945
85302
806492
498681
792529
454703
736858
414167
105527
782536
432765
670845
532807
905504
225713
742996
61313
254989
471132
854789
187916
662268
380801
705885
369362
766559
472899
346200
488754
758957
448419
257449
865862
351264
756130
733141
827569
589341
243660
29449
446627
676425
700294
75787
656679
22360
840385
717992
277349
407869
669133
486867
144887
124684
289104
535851
912846
762004
882051
476350
617313
426823
755401
557925
778087
607884
387418
680406
271975
631078
709855
740204
382253
506502
815991
135285
528862
731126
853277
806211
235348
618763
389430
380235
743447
700136
12439
752645
536890
894490
303745
250556
396063
133897
830083
270502
741781
292252
25659
110108
19682
757116
850312
423538
338368
741054
558823
867230
568532
508452
769793
825482
201965
255575
280468
41765
52064
292907
794410
610556
283749
172906
861112
701415
328405
765946
46667
166538
154550
72326
276646
174232
851045
223310
597770
285765
60716
231343
249348
650851
739796
115493
551083
16511
392671
831551
79878
444735
220810
874289
130041
526162
143547
65904
302327
471952
831850
348994
660092
61150
442923
33090
256984
390320
256400
854755
676085
317117
182450
183
42718
922246
137279
593801
35110
529950
521705
114988
49435
764117
85629
179476
365029
229176
266982
688958
701128
195184
112703
457572
277936
577228
490662
534921
42298
747063
464426
739985
138930
668478
761771
181648
665475
899050
797051
722187
503750
393506
858777
574787
253976
19157
775865
619005
248333
117598
404316
45814
312782
517019
503386
590719
190599
68799
221992
254499
815862
708020
69234
51144
451248
831005
254394
213075
826407
126195
10012
404907
541304
890392
76046
795280
909549
851912
510637
254234
44260
914953
300048
378644
528324
825037
65715
718923
915438
287707
48172
827652
70477
139009
878796
521726
44764
229542
734801
892774
355737
766416
394033
918643
731558
470080
788673
737459
396742
395663
66443
462604
385366
388094
841248
913691
287881
3316
728966
278069
291023
798741
202073
383103
12500
155619
1181
78866
406763
757584
46390
762500
598750
440424
777496
426660
910504
662521
238869
403598
132934
326915
866202
518301
715009
803802
528344
99242
807118
332060
398913
194494
227153
600986
577597
239653
778207
578778
318520
259720
411112
386512
118572
106215
826936
896068
532875
833792
654942
793347
312140
787876
195012
274694
402529
6373
153247
27225
127217
56717
380888
526130
251211
608041
223468
850410
847695
76425
525540
262567
357747
11403
649079
476319
139220
550766
468740
693697
459308
198432
583396
793051
82660
800010
142495
485190
806383
317344
534017
8350
374062
914905
556082
646875
597697
779550
572036
541744
877577
172326
804311
310074
205331
528140
786394
366153
175258
351486
134601
656169
549918
739599
523970
632578
614360
666465
214120
517095
58560
748138
525446
432622
759395
177880
175849
431842
32181
769487
69938
6110
38166
874249
316185
243497
498742
198931
631253
695602
550417
787456
426521
196687
601805
25241
829265
290915
691707
139738
808011
750267
909478
429809
279241
743623
607689
476692
271818
661472
320930
341756
689185
359096
312358
80120
624195
832702
279051
330198
603054
851070
192404
104326
122507
815812
129567
26522
181477
842876
187862
85840
689495
172090
537251
65088
12066
241293
541781
283884
902765
862711
647242
666700
296557
55952
768422
17104
888654
143825
347303
566459
69645
561309
692387
192152
451871
821954
240277
654951
761183
449741
762393
525428
621832
374395
590517
655500
615688
207048
14134
614805
166111
682978
377858
484270
738931
221030
501374
723937
364856
870279
365146
456103
506339
153885
669858
54562
50590
910135
731115
833375
434626
568259
433553
152810
17404
120422
808310
633092
327470
844046
322647
515183
623377
700505
74203
437058
17888
575578
235745
404346
542209
622494
860449
123298
776379
605057
199463
848571
611544
5328
756696
142523
595189
286602
295333
612593
407024
199996
342037
756097
140394
686287
346030
763771
483144
420234
275579
501032
92164
532927
905378
634373
251773
862180
779274
124504
563589
53487
47826
249884
80417
826124
392407
675607
187476
709342
384552
616103
5690
726590
446950
146085
487627
792980
909856
45521
309566
281788
568156
401730
836317
569886
132456
162840
528418
911730
287344
166758
61569
356772
438244
163588
257647
852253
839195
466725
657947
320100
157578
663638
143042
626130
809723
630669
515463
815931
697792
825029
172469
362300
301510
83536
28539
433966
267978
556957
442048
555323
723715
503617
8447
258311
667205
287696
185314
602753
754422
843262
19205
8352
581650
162247
656085
487725
814518
246298
378406
608662
146077
572478
45713
469189
677616
74252
924757
20345
652811
441555
597270
451277
41524
605717
731190
730332
893414
916505
429437
744188
834517
448642
774142
512519
632491
504977
96596
521759
751275
475002
226773
918955
143832
272486
462894
821449
368340
484004
841794
95902
309
513814
568781
63436
215883
374721
815370
184047
387578
319557
24587
318447
789801
798730
852568
518644
378457
23914
115153
226085
520519
341926
219790
664351
636015
704286
582152
100707
263040
498696
218211
284952
108862
808594
348388
324746
279668
260110
530395
667246
601269
554983
82046
465820
450065
9364
80816
828522
33279
195969
150959
553798
559497
392351
314501
291864
171388
896654
392572
434428
491702
632385
740982
600565
515730
185722
21663
795398
445832
573660
558996
121851
224995
641042
609273
675060
650407
690089
599935
683686
907660
750894
333836
563510
217996
669939
855374
410986
641343
344298
867016
229398
51434
682749
829963
588766
868471
873228
458914
410656
521638
92660
532507
746634
755305
238133
496444
480462
2972
192731
260500
6985
18376
615938
570495
257974
360627
522221
668960
98323
866520
610726
349323
14306
368225
254036
603072
333049
223616
158338
743705
766856
272600
372564
609842
102655
610697
202639
604719
635272
395370
886821
642257
413746
577509
309104
671720
34489
831325
437032
154414
794197
122509
503737
830105
490734
779375
529529
823783
99343
687867
663840
866199
56820
111155
550792
159475
721852
775033
785797
453476
245153
747368
170483
680502
421230
501189
448574
455719
428867
885607
631735
297814
82866
210222
224272
595202
85949
753801
515338
185292
538021
253928
126241
594841
386685
698635
775918
183288
548418
636465
636764
793572
480186
828850
570426
901416
426391
93750
453487
855258
54107
159972
249425
158575
370194
473697
753778
456143
323850
343866
641435
861871
619396
789278
531462
80832
562664
382131
285722
207434
114948
18838
97358
595134
869290
667784
592902
370432
761535
121139
322042
837244
281111
571467
70570
672907
141516
824348
225402
465367
264566
888439
423590
905564
752468
29803
61146
411484
433536
368470
618918
570086
387309
716277
261573
352951
480413
854475
723383
316698
50365
120176
228693
331476
713245
299263
79134
876364
219963
326138
416481
484529
289328
840071
486445
116546
891476
569194
528030
421364
12414
243300
87803
421325
55929
349376
774277
536343
300203
594012
874643
350568
735790
178086
703647
523786
498951
804383
474900
718914
205271
912983
299795
494599
849406
807843
611145
837235
451787
235527
354951
464201
500430
442754
907129
577961
813732
777758
189054
188686
446520
160050
539254
257061
338136
339253
802449
858690
218386
373701
673956
423658
383036
70104
14609
328794
877947
647357
240779
404484
904486
617333
890287
479666
156439
893768
132378
44922
746276
343034
233608
267547
503084
794464
546210
862823
230070
445011
817865
448456
840314
566571
893716
319702
658277
908326
648496
632576
652035
910878
133412
631271
602961
98450
207290
781002
88570
361270
825924
834847
704304
155884
198746
303741
46701
744956
262916
276771
286319
155531
746829
201383
743704
715296
521085
476732
719974
265933
184058
446759
251561
317471
174382
876124
437523
381672
731877
526093
742942
654153
457292
521997
810038
656038
847340
878341
475744
185006
229862
783665
362139
51441
59798
180593
788339
602485
678927
604665
868419
862986
147776
216332
276809
322159
167207
735934
703831
920686
336777
543126
649589
815672
161475
534377
546460
83565
487468
118557
290173
738932
902222
652312
811976
58373
854507
696667
660858
608185
376083
625629
567523
545461
863564
844332
867620
105521
655016
667804
122559
88145
285680
772148
903817
447155
402878
525028
552322
911948
665187
842495
725631
642159
591159
633959
722134
520416
405376
479345
203351
781459
179724
770874
401671
118038
689956
365643
245161
441324
129799
367720
551072
415479
236221
551241
884236
639099
172621
511308
625797
837808
450155
447780
554718
116064
156489
351602
636481
561866
830947
839832
439677
107024
707059
862950
246664
493367
324946
513428
9442
454745
902750
582116
870225
213721
208107
850813
874422
380729
458474
574970
293287
908629
119102
869607
121046
275592
317562
757527
837458
223259
693711
373487
351885
475520
311188
620152
65240
636134
208330
74682
165629
185830
678400
132206
421154
886507
79372
370326
341986
537846
41648
635274
542827
160751
579631
663873
457945
897193
496150
391755
216805
286214
765242
590292
783336
172782
285194
848576
830518
493524
19610
92500
700957
698010
224706
196861
659268
325680
588789
97606
863526
630438
732880
481104
812791
408864
219727
367088
402409
737480
758843
640816
120046
598835
305859
903382
793220
591053
848311
698488
180930
867921
790988
903489
662284
112047
175100
417904
437727
785491
515510
376004
512281
323141
878710
421424
753607
194789
788512
230766
7019
622105
893185
127065
317293
273794
126800
185263
886449
49861
905353
163731
917782
771092
141970
676418
904741
338672
169072
417218
220516
684583
814824
732797
104076
789886
228972
857683
59426
92234
184801
66445
735942
152736
215113
149587
448132
341913
334850
430934
391774
336555
616267
405908
203999
758238
157077
183490
193262
347751
600709
413778
107084
511885
242928
211160
376522
471900
165195
435948
585736
349997
523995
418030
524335
739108
567617
68820
177373
924069
521356
569147
335375
212373
71408
539374
66963
250087
722865
260226
597838
419926
695606
704923
28163
13284
12435
404685
506786
177631
862235
188875
549230
460981
606905
169917
296441
249273
238737
473815
269694
781695
117712
605069
68819
210722
240796
135782
460809
60013
417610
133398
479939
187967
859923
508102
222853
872358
9140
729640
124739
871375
14867
673969
407106
621772
843887
703548
892647
178976
273715
258694
35422
391427
863763
125843
623752
200911
261625
159311
260924
700838
314311
740863
910407
248984
345318
229612
196093
376060
55604
342434
322185
70471
112756
750894
713846
31393
550794
681243
231971
824509
36289
288995
312288
900053
414838
10790
175714
698066
191704
458241
473654
506015
273854
480413
755000
640774
710025
47445
91584
765630
389879
435372
836101
502635
261016
624697
555630
833412
402293
809204
732671
438582
172949
141311
434987
587788
152102
632304
382206
365408
165295
877462
871423
460751
432625
722775
197878
239002
770220
311064
79382
234850
746436
11836
759087
103804
658135
389468
11966
156780
273422
766239
616965
467973
907551
148304
152113
156005
780608
534319
521413
42255
486531
489188
524609
15508
286714
744089
276113
131684
129903
355495
388136
876340
388933
221974
76496
143421
633044
88463
300201
2818
876304
13518
492393
858605
161823
644507
110962
38783
275178
653977
102641
783312
217916
627250
798820
504630
446089
149683
657916
597594
526781
142405
548684
12066
364379
625181
155487
93775
735246
477291
118195
686300
490809
610588
641258
652632
329845
773822
691416
605024
502550
794057
463086
742068
517659
358258
343050
60100
529544
75716
657694
152677
239723
302731
164743
604102
24264
320231
719479
781112
797522
837674
542162
363081
523013
279772
112066
852858
128345
825084
554234
652497
715493
113672
469315
307902
471931
812365
389604
97827
909683
122048
250504
224157
446381
415247
849861
470645
757080
644091
348109
650954
578117
890272
110388
175880
266396
222454
125091
416343
143890
700927
143590
859383
814600
612905
263637
382883
521622
653241
480710
527658
796891
752816
773417
339625
264415
719630
831872
96246
460073
254732
747200
112941
241356
879190
310423
507752
197996
435514
924096
341886
232794
142436
276019
122144
776944
539656
526629
394918
289249
82089
18928
182493
834905
792345
522118
174070
608328
450342
291918
143151
705074
135471
256092
21180
89411
588118
528933
287408
119984
549381
629294
352778
691817
1666
474922
565113
562924
97903
56384
873776
179992
75312
152621
111249
889260
696341
306922
572338
221433
620442
715489
1258
755913
67934
22438
866927
677654
572973
250687
797638
197104
901583
225167
910524
924851
721691
571989
562526
819595
628373
532654
95939
703686
685275
228791
667696
456366
535713
336386
677799
252507
148227
679057
104773
216161
723098
46450
893815
370821
318739
787806
589528
295072
87723
596404
316276
831016
243143
878802
725361
871517
486206
842903
649953
246231
146444
414001
702597
703759
771989
476748
31016
920216
230556
135789
232730
50006
203841
222897
442429
544182
85453
106707
860857
194778
703111
251883
100545
21005
227037
847508
914124
713243
765161
660429
55826
911605
149180
780025
711716
17521
331523
742733
12487
583681
900124
266819
633687
200318
489717
150867
766102
596772
257574
701709
791551
57038
28342
913698
99645
255379
835956
88519
64974
675868
748948
142402
683825
919730
922427
470292
12001
328701
309377
46090
8734
305853
312910
642422
527773
824229
793289
368626
495751
147215
145085
383654
225855
195030
372102
325500
472011
282809
414019
558588
55029
237717
700990
760456
253799
698168
327100
265800
123221
636477
311891
131955
38683
646403
795979
566456
545382
685620
9832
115883
854438
176520
499538
155043
393152
893242
502146
865163
250801
12517
498501
327432
250235
295844
162639
525636
68762
489739
791437
213585
222569
199680
367142
261252
846083
237872
849310
466215
19844
880745
603700
874282
153617
199590
125678
546769
167583
627824
508284
439986
640341
103138
767419
912178
398982
26410
512565
489346
537751
400354
702931
760320
600034
166425
117924
542469
404297
41985
83434
445744
19082
708736
394776
172699
908327
520454
719468
172262
244630
324104
633850
884972
427242
476019
893502
847826
524031
480817
411922
136533
881171
211205
918455
577557
377631
111130
194776
803530
174717
299812
324024
193799
83299
718801
388100
87978
335607
182318
281842
580238
528024
915692
561562
30017
488064
529814
877843
86845
106984
364516
244980
84507
597323
238186
662065
49704
370918
878443
853235
545635
253006
273611
761036
357907
88764
223886
467487
424372
427806
749329
100962
30580
739771
662524
82199
324187
288690
34793
432635
395674
420911
677615
480182
114586
12153
238599
164291
383071
191792
113878
25058
444798
387489
807696
824307
476254
127934
366544
922228
577342
190623
97940
607923
26747
782066
711724
372536
145506
746517
805171
541181
263780
579139
117715
378367
591292
356314
564260
70716
548106
699740
117376
89257
161979
21425
9916
659835
149359
376461
678415
726702
588686
776355
430977
637035
654773
217451
84322
800280
60321
889493
437813
345703
564984
555528
745672
252629
911842
406284
323345
556300
180774
462323
667159
364356
483748
677076
98941
654710
128287
777357
477764
738575
650064
908741
450361
379588
222544
534683
254618
282865
520528
714033
650171
160263
344311
470593
434494
352505
876878
757839
5157
132402
316514
672317
518360
821865
445745
617302
572927
595634
491011
125441
408959
215825
130534
880922
617015
353078
490355
893235
657546
107236
682018
382467
289101
101079
874662
723595
475186
847892
577786
480344
76647
915902
249013
595007
812517
694758
287059
460194
365142
799672
585635
795703
90248
737771
751376
728865
165600
338083
696851
823146
445319
453619
301965
756022
576301
272979
554367
126237
195622
228505
628183
272269
219158
877196
867276
106425
646704
250688
588222
108198
125110
270209
254
236960
82731
751630
40576
248331
164463
737427
167829
631385
287398
491396
462157
863699
764375
112877
64687
34747
341382
692870
328618
560540
644817
292247
688568
387873
542935
351540
517674
689647
621749
517928
22960
726082
365910
85138
70765
551975
822565
260196
258110
206315
751592
741870
144765
612320
854747
209452
647067
292481
923924
72038
874624
665093
364285
637942
149319
907220
85834
666993
693219
729185
281273
716179
530018
647183
801317
600783
273908
720234
860980
553621
1300
687322
370241
146065
395994
321340
377119
139414
635423
375793
211452
584797
137239
575737
319091
286558
579309
404925
28301
368880
208861
331176
159810
738879
53109
57479
436014
348619
777714
371744
902240
800616
155419
368833
43033
551413
711775
420152
690827
421949
817547
923881
103098
29536
574368
422190
316094
250029
827115
365997
618910
132328
697173
778720
871207
750282
857801
381972
195254
710265
775318
172244
607233
5487
562680
650266
578503
349205
166770
365682
792756
59068
364314
895855
110206
35034
392795
426301
285064
316262
813900
903974
448591
585824
779046
416150
432458
711597
819724
627712
518215
669793
821559
200198
696882
480591
872067
371737
851398
113587
737420
718905
194257
176484
689510
304464
211518
178657
752367
518184
494919
641017
496908
39862
323193
372306
456013
755652
180256
350487
479716
698471
95030
397627
920271
813515
899820
867088
260002
825969
77028
72172
619624
271285
270258
405486
575749
481777
584143
402866
74711
175414
140236
593222
215277
463429
40278
671290
315433
242136
96527
816752
15357
213160
310731
31981
101425
285302
920671
361427
186021
72449
433600
827247
343735
725460
307483
15836
281987
891626
440305
378301
141790
580541
67875
378669
118720
129755
124709
455756
371892
242839
347258
408851
455999
657989
440832
557424
18041
457856
15203
225664
530305
470405
127661
895642
270616
435144
7831
574205
423122
448136
27256
586515
103427
116733
39934
243749
246489
186246
721107
618381
429085
143115
101982
885084
822707
564417
538860
840748
97023
575665
162765
648930
120821
290426
640925
413039
747173
648756
61994
245045
171642
110853
853162
296671
227586
914699
562022
495677
175695
357880
188808
604780
522597
312393
586216
420054
876810
221428
357155
70185
797093
519920
719115
14266
831948
456392
448907
653871
179898
532504
920519
373142
643357
848431
691415
892545
837880
328188
462973
88325
707670
651781
714707
326619
60526
375673
746674
33688
618703
200181
103873
512149
741703
844591
548017
648401
375733
71675
377023
555632
604179
372292
25126
343888
295473
716542
311183
229706
141082
795758
318031
870354
543892
129091
271723
604418
504764
114749
638107
219820
336532
741980
731969
152985
682923
376338
801387
133407
469615
253160
710641
148544
647054
735767
514034
17277
548661
825218
268585
711345
695726
586617
656449
335970
715708
24525
15139
316824
139274
653246
558246
497409
491578
386567
650394
270854
762906
526531
404261
307271
801293
211254
477418
523097
43373
66202
561977
592035
913022
830562
378130
705101
491929
130932
115821
303989
155457
130960
642416
316333
805808
275412
813742
393739
661980
538887
664593
499636
161770
165206
828509
37814
398062
380677
560911
441435
446880
197638
129822
456254
102951
529555
236105
616482
660487
351927
16824
815944
504489
659240
228629
385048
9402
138724
800389
671382
677611
561334
267370
860983
726540
170630
898797
199352
572909
556061
662389
116141
753699
792212
572396
878252
396517
808501
569485
131754
256780
607911
44050
761270
341901
294281
242670
351303
433005
117809
119038
206968
679143
408010
142702
502035
600242
116249
722989
269504
693912
460128
385645
522362
327090
32791
496966
723607
862895
162803
876963
194425
770714
17365
52047
187365
311647
316319
560271
744652
434128
700911
26371
209623
183671
169073
733260
805516
306924
530999
149770
75587
87480
535415
619551
414570
589809
191267
234530
549056
375673
207845
765083
221137
225211
817131
408503
536858
208200
65126
356260
663931
766037
404233
895156
46060
594908
724769
851576
901833
352120
97698
73772
439600
654716
693323
875773
319275
906192
206655
868331
356615
414500
708164
599355
661313
621647
104210
294523
851450
169336
672386
611733
31725
151369
581639
77785
746278
381158
25714
744463
754881
145014
818235
269231
799730
607910
219754
193755
610454
448011
158438
41820
862512
888205
662777
620177
584602
766987
914701
510802
11073
661837
197285
42798
813206
800527
142185
655836
278037
189501
475049
107668
334516
389636
398502
208996
72296
639858
424354
682751
162620
582792
746173
121484
567349
483700
741661
226702
347039
731112
759106
358112
467699
52744
422512
377258
874873
564697
107844
249262
754199
582894
378533
185067
47280
777035
394063
141179
491643
840019
845532
654263
519164
688057
775747
161263
268109
613761
409567
615148
419623
243424
48010
908925
317770
492124
360933
288995
131571
490379
538257
907372
169625
916790
167189
216906
790177
582855
379687
356571
497624
299969
107186
91538
84378
904536
274404
352487
593047
683971
42385
109022
23747
111997
92697
341517
604121
475232
652114
757294
40362
286724
761019
231589
278264
2958
448495
143192
607415
849784
521365
201392
246105
628551
314532
330483
607837
588936
682970
297236
347658
746957
406259
371405
858954
520558
734525
559427
92143
461389
391472
132505
769715
227241
385696
122730
251801
834192
287524
880819
780328
808889
156961
101184
533792
493095
431667
216380
156782
210990
535218
504440
32697
16227
897447
913254
536786
706722
569033
628929
264464
56857
783036
108929
284098
243482
253261
557502
174026
562387
534673
29105
446026
713236
151891
76171
281081
583558
314153
437863
794548
849371
38655
827246
865599
32455
836852
498737
760779
480635
224018
99993
537493
103406
230525
843193
368490
505388
497047
542517
142526
106470
593224
610154
819706
745115
707927
197140
425025
96830
656605
294324
20952
695261
217922
886551
727716
151126
481640
563245
631761
705658
684841
265606
830666
11718
183550
273906
538708
702199
838025
702836
808670
505999
409343
724728
347466
192020
18220
794094
288851
674826
163168
309803
466439
402692
292706
290507
575420
795948
875354
281931
597958
634945
569140
503374
668265
752690
777280
303326
529639
690056
80912
434661
292407
490255
255742
661476
703878
273962
530320
67479
45140
715090
398884
511579
192532
691590
802086
767952
562288
752191
146235
256598
483488
715375
759972
248106
564417
612002
551432
190409
398410
653946
625070
712420
218952
902414
448646
922830
272729
53716
86661
317869
768806
485545
829449
57690
273487
727887
847244
857377
554828
68229
188725
134669
805207
23447
382775
444374
657051
8957
634783
130212
684505
356206
842632
925059
354972
387630
18991
627701
441346
105652
20321
306504
591197
871372
364194
864684
674009
286188
796811
303588
376019
81888
459859
255976
105335
842634
721953
762387
873193
431486
914201
632448
809294
853185
632258
239017
315565
651249
866718
756911
778504
908641
138165
466053
854763
523961
405488
603523
810149
298651
3463
260918
380540
463322
538497
507477
402308
335200
344614
350251
788288
355167
79051
672333
283102
732911
7702
598667
458911
874420
451930
333767
879414
611697
799820
808927
210408
301660
508802
116909
600312
533867
399430
77204
71939
12677
606283
495849
369479
47250
846100
232517
402417
21504
1202
707122
754415
8904
402141
309678
904927
854072
643445
859091
562121
518016
764370
794132
819676
347923
7393
516340
881790
406823
615146
50082
441102
296180
545931
810581
343430
488384
139451
745847
509888
140653
549321
339053
171160
26213
648732
150837
901887
366927
84678
560360
884943
849048
429242
800972
293323
436636
392062
249864
865061
81959
321548
380914
378139
867479
287847
743171
430613
427298
585370
15251
589554
209442
375907
760714
235655
99389
911551
212292
487918
92581
772652
469214
37981
298247
344936
331305
756485
758600
602771
696296
840559
924319
151960
315050
866548
461410
132971
393514
888708
718342
430367
553012
24136
806274
410078
259791
2015
396379
493685
511536
510562
362689
55500
548544
682538
422038
879849
513773
255388
578972
284820
192300
578041
458382
528952
540941
919792
683526
30807
883251
498220
461175
532615
522356
342199
17444
782147
365817
435425
372184
877353
20738
756475
7603
569282
513764
451243
545483
102287
728233
199205
387107
16885
798848
845490
545838
436141
840032
304114
466949
819635
823936
2874
448603
421042
366675
466047
299541
732492
923074
671725
706197
18562
502950
735402
587844
91464
261395
229679
215354
85981
450486
602461
102866
324084
544303
648704
760226
480688
49170
323527
396675
873106
326401
845278
390500
714678
407677
690041
543523
405502
458118
324470
424064
35819
134623
108261
148885
417620
337940
385841
503601
788427
84655
606468
208863
628958
351524
65441
205998
422297
388968
602674
391755
736971
522702
782256
526400
5130
568649
144673
410632
101518
490745
856298
158939
646970
39309
329426
139341
398852
715268
664544
283631
799923
367364
492494
525233
718889
557936
731232
237538
43256
430258
629293
780228
49312
507901
402980
54442
151301
569255
486676
252819
134750
439327
433360
781721
478636
762786
17414
877488
552804
703560
235869
449079
145675
749966
70665
886166
404254
801897
198454
447510
328507
849349
324090
377819
432001
727070
453864
583302
371075
36892
857723
527428
476219
365833
405501
29606
224971
444517
3446
799378
222827
260918
323207
390104
85634
393872
351020
511490
292121
571076
33750
620628
516778
357841
94800
23529
181263
548664
628433
573941
607158
582508
176119
158128
44693
581620
209336
269664
122489
212782
143792
345316
495302
467000
735421
602538
882474
182793
188778
270948
775472
222529
891576
367000
601972
82728
412131
804837
652994
115314
453528
334903
719424
651249
493031
764117
329221
702367
108531
451710
11501
252324
797027
528406
740926
628800
205694
719752
833195
394473
65450
705019
617002
53379
146769
315326
136107
580502
194913
789102
695816
670044
198755
511592
396043
713388
350459
725265
512107
458991
273327
545210
732917
145104
148366
548593
795506
354061
343095
725054
748534
430148
504823
461888
483527
651593
798816
619634
328447
90081
505088
99014
760125
725445
632208
252521
513583
57418
74138
122042
516409
347465
667253
324076
514172
837221
894271
406030
266032
333718
205834
110918
763866
710658
594408
322143
458603
467974
38130
787050
558056
543218
907666
414533
343414
614625
667054
878599
672043
741192
75392
284804
185010
764247
630482
699182
676218
621105
179962
38603
29573
385797
149521
815042
192807
