925250
51883
327136
513527
148665
844043
473835
40886
39742
655649
695171
25362
550277
607190
547309
95263
432426
436790
767426
607172
703736
770961
679618
473067
439929
600032
539030
222612
502123
444567
526635
466429
518052
853772
76308
688319
794167
550143
729206
855511
280542
520729
880873
852421
202669
524534
44037
656698
36074
833065
338620
761413
678776
114591
309230
193456
714623
869862
437670
291496
410781
39055
757925
3584
892827
855836
713505
783346
480729
539063
713607
782874
156145
690832
710045
358814
290117
775684
111864
347793
683500
472087
205558
437026
586678
514788
652084
397653
459401
164504
689149
870182
203560
543426
895368
192739
474012
705226
50836
51094
319039
786045
855570
475184
551628
661967
855601
863347
512402
63817
307492
270652
557506
513051
729280
240536
124191
456115
638189
605194
620619
423690
571729
845781
41867
541847
113271
537481
343425
185709
610177
684067
68106
540497
255603
641336
277215
207556
579433
811219
271374
908528
156621
850482
496329
907503
165769
620520
438368
803958
300465
155340
302399
893796
97473
365868
531995
232346
924951
875421
418055
609879
634238
507764
246728
889841
223850
523943
193750
803284
431514
465124
808164
609737
390356
379243
591991
577727
96115
105109
456436
418182
282051
780437
386728
379525
242657
918724
611871
242358
868895
126279
852237
599485
634043
195318
585678
857893
719261
779428
757529
225526
340904
640443
835263
752863
116038
523606
405340
212154
650318
883378
651938
7119
760167
113417
408246
77574
128493
116470
319933
93740
242749
268522
693225
898394
463840
375255
852639
279454
251036
684919
526582
613542
421714
458197
462757
559355
56554
868098
793111
706872
847828
519799
735593
682746
654818
218590
781922
783311
335060
176605
877051
599411
466730
666628
572555
5320
138236
499944
306376
389272
281215
832958
99166
724532
387508
561924
358637
444062
526374
248100
247286
448952
767899
57629
228050
497468
297821
84723
377131
632881
282930
328933
328644
749660
91913
901199
754981
230149
497496
157709
641023
800313
65418
740190
599595
452926
398466
54584
918590
924840
302684
240626
448542
166936
319857
698195
686006
617679
782918
137887
346912
140598
488422
697159
890259
580336
694710
741592
832087
266956
899301
569463
163622
61071
406005
784819
535599
804471
839404
528939
804061
238440
791167
348955
426978
207377
121900
187734
846658
1170
347224
289922
141769
835646
61831
128380
512334
756542
869972
419172
119850
865625
63385
283472
23049
469390
143042
558648
370213
78798
183940
249024
338840
71459
619581
765819
278836
741482
49905
200244
764254
397129
511769
906023
307526
573600
130755
819860
404892
97079
335384
524743
37455
420371
829817
60504
911363
69211
640754
356326
148009
824694
626952
508452
917756
321284
349021
271342
159118
420528
493189
923372
817658
79708
498
221536
653308
131253
137748
154553
228333
473133
700898
287390
893504
627067
369496
879618
696279
85000
332296
844288
6047
33999
427490
923803
355283
798113
291497
536003
293392
784686
534125
207402
885996
556225
428938
635657
687479
566686
790210
12164
136171
587460
299554
126028
289277
669050
101998
60306
775652
434294
947
781699
468293
450039
780252
845178
322903
146500
455931
637897
27538
86409
866901
913535
642634
370589
623942
426465
33627
510504
438629
169799
172714
759785
317429
483593
503585
419427
543900
353988
853721
566449
232039
418367
91238
87042
338295
435743
255144
815829
148390
282682
923840
90041
292569
662826
482232
916511
164042
515860
523367
624273
707261
696081
458809
99440
254425
58746
518867
819927
412734
468940
461126
644774
887307
552364
753418
321955
62858
83312
234136
232850
387596
232726
344494
680166
895552
848328
693029
155946
460540
291147
780220
242551
83580
335381
363593
359607
394127
904062
275886
828464
469355
737012
569590
431412
385729
419360
774969
470189
524274
83855
724641
911870
338183
165487
688388
330088
88566
477770
486034
549106
768917
362606
813260
874099
697987
273205
330059
188467
252018
605945
113283
721373
417708
682873
249137
825039
176983
98857
369978
701257
204314
190971
709479
564100
356459
472618
894188
445025
25138
476574
90483
815657
839181
903743
786108
633520
251699
190917
843589
525319
796863
31622
343044
310923
736097
592181
210712
9432
712640
602292
732291
13307
814865
516521
577407
246074
85491
567947
712701
132231
119271
824787
44240
54804
803280
830348
688325
151331
96016
628266
698252
914481
659889
116046
300154
492338
729830
532468
501771
517220
231112
308812
552129
120727
846935
204286
388404
7176
772233
197457
161009
913107
96994
205249
42661
921877
131950
730986
169560
249568
455605
867813
238799
190244
80211
560555
704184
810041
189375
280705
423614
442089
589518
50493
584418
532805
276382
47572
539982
144967
245030
722593
132824
363626
2593
175486
360253
134543
2824
529814
405713
458429
472377
644512
670275
552588
301419
449210
458982
490794
751517
882596
29235
437387
29441
613653
44943
305823
682828
584925
450791
24210
382268
605217
387836
406463
802305
748090
562608
805130
352654
43071
359911
846633
709185
126539
495573
85354
597351
29305
597750
423618
8253
626985
861006
37695
315389
905949
365120
72967
587226
837513
97177
65846
517481
506615
472310
394536
329455
131270
296018
703711
174342
677532
646696
905129
804071
217020
65234
476172
267927
662984
899790
297783
386322
857148
357080
723313
837847
722200
796280
499823
634464
915059
587272
248297
496424
134332
664435
847482
287204
35204
625943
483148
712736
347390
463028
613159
586012
528262
185683
875541
287598
160223
248074
695522
92122
605154
493585
26321
423707
364615
547747
132921
376026
209769
381218
872451
365703
120403
794683
652907
177209
516978
210806
911547
885970
673834
621058
568334
298448
806741
518626
607648
41715
788302
377921
155439
489809
871506
181760
913516
332474
751109
142789
708500
35628
545609
677303
401331
687614
568338
128989
886426
160067
361397
872723
120787
109981
568532
689122
430031
471625
304100
112429
513340
188754
490350
690381
678563
436607
893744
688431
769081
719603
831220
573933
755232
473181
325987
252915
235546
894325
381904
196722
129142
743301
165797
271532
874884
755931
57006
379665
302307
382708
492095
837249
571462
78797
623983
324776
515404
592477
109559
380837
408432
37132
29521
260016
510313
377110
512932
767461
346185
894836
60535
496930
734490
226333
790064
705726
78616
847070
160142
402525
304528
673839
314525
875990
752636
34860
297118
364393
627337
406678
766832
132121
443810
817955
392138
50475
269815
905070
817937
637603
896258
878472
209283
727100
201157
74097
507577
301376
17519
689321
703901
343649
437910
114778
294389
286898
149638
613110
672893
798577
116140
514476
5449
581552
407181
397587
632027
698599
377407
546316
410952
370017
521141
620235
171868
722298
715934
679445
120026
755055
443516
823928
173454
903028
35058
467843
286278
184697
177305
33922
58024
293445
570000
85075
874997
73533
482662
603377
772132
881671
224443
257834
326439
745584
899671
519909
564235
711957
274104
684261
541762
739222
604541
715216
738602
639600
279412
121232
845899
456717
155154
903923
771765
